5.645643693107932393e+01
6.881339401820545731e+01
1.007187321196358971e+04
2.597529258777633299e+00
6.098179453836150898e+00
5.570871261378413486e+00
1.971708712613784201e+03
1.984128088426527938e+03
1.001898569570871302e+02
3.500650195058517600e+00
2.938231469440832466e+00
1.630689206762028665e+00
3.617685305591677558e+00
3.149544863459037725e+00
3.893368010403120749e+00
1.162604031209362802e+03
3.263654096228868866e+02
1.495163849154746458e+03
4.356306892067620118e-01
1.574772431729518862e+00
3.686605981794538467e-01
1.755526657997399154e+00
1.721716514954486410e+00
4.706807542262678794e+02
2.797789336801040250e+00
2.802990897269180604e+00
9.523602080624186783e+01
4.712548764629389098e+01
8.452535760728218869e-03
4.681404421326398196e-02
6.501950585175552810e-04
6.501950585175552376e-03
7.821846553966189663e-01
1.540962288686605897e-01
9.973992197659298231e-01
2.535760728218465487e-02
3.901170351105331946e-02
2.275682704811443288e-02
9.011703511053316129e-01
6.371911573472041623e-02
3.315994798439531738e-02
5.851755526657997745e-03
7.210663198959688103e-01
2.600780234070221124e-03
9.752925877763329865e-03
3.315994798439531738e-02
1.365409622886866112e-02
9.102730819245773153e-02
2.925877763328998613e-02
7.282184655396618800e-02
5.591677503250975373e-02
1.300390117035110562e-03
1.300390117035110562e-03
3.055916775032509886e-02
6.501950585175552810e-04
1.300390117035110475e-02
4.421326397919375650e-02
1.553966189856957059e-01
8.452535760728218869e-03
4.421326397919375650e-02
2.470741222366710024e-02
5.786736020806242109e-02
8.127438231469440166e-02
1.625487646293888311e-02
5.526657997399219563e-02
3.771131339401820326e-02
5.981794538361508151e-02
1.755526657997399237e-02
2.470741222366710024e-02
9.102730819245773500e-03
5.136540962288686785e-02
8.628088426527958932e-01
5.851755526657997745e-03
1.365409622886866112e-02
1.105331599479843913e-02
1.755526657997399237e-02
1.950585175552665843e-03
3.901170351105331686e-03
5.851755526657997745e-03
9.869960988296488935e-01
1.300390117035110562e-03
1.950585175552665843e-03
0.000000000000000000e+00
6.501950585175552810e-04
6.501950585175552810e-04
2.145643693107932362e-02
3.511053315994798474e-02
3.641092327698309400e-02
7.412223667100130420e-02
6.501950585175552376e-03
5.214564369310793479e-01
2.600780234070221124e-03
5.851755526657997745e-03
2.906371911573472078e-01
2.535760728218465487e-02
4.551365409622886576e-02
7.860858257477243427e-01
6.501950585175552376e-03
1.976592977893368019e-01
4.551365409622886750e-03
0.000000000000000000e+00
9.876462938881664932e-01
0.000000000000000000e+00
7.152145643693107874e-03
2.600780234070221124e-03
2.600780234070221124e-03
0.000000000000000000e+00
1.950585175552665843e-03
2.860858257477243149e-02
1.300390117035110562e-03
4.551365409622886576e-02
1.443433029908972598e-01
6.501950585175552810e-04
1.651495448634590357e-01
6.827048114434330905e-02
1.300390117035110562e-03
1.235370611183355012e-02
3.550065019505851960e-01
1.397919375812743947e-01
2.080624187256176899e-02
1.300390117035110562e-03
9.102730819245773500e-03
1.560468140442132674e-02
1.300390117035110562e-03
4.486345903771131460e-02
1.332899869960988415e-01
5.851755526657997745e-03
1.612483745123537149e-01
8.322496749024707596e-02
3.250975292587776188e-03
1.300390117035110475e-02
3.524057217165149636e-01
1.306892067620286091e-01
3.185955786736020812e-02
3.120936280884265557e-01
5.988296488946683871e-01
8.387516254876463406e-02
4.232769830949285050e-01
4.544863459037711273e-01
1.495448634590377038e-02
3.250975292587776188e-03
1.300390117035110562e-03
1.040312093628088450e-02
2.600780234070221124e-03
6.501950585175552810e-04
3.250975292587776188e-03
9.369310793237971557e-01
5.929778933680104336e-01
1.365409622886866112e-02
6.566970091027307665e-02
2.600780234070221124e-03
2.581274382314694416e-01
1.950585175552665843e-03
1.950585175552665843e-03
2.860858257477243149e-02
6.501950585175552810e-04
5.851755526657997745e-03
1.950585175552665843e-03
9.752925877763329865e-03
3.250975292587776188e-03
1.950585175552665843e-03
7.152145643693108568e-02
2.600780234070221124e-03
8.712613784135240236e-01
