1.825154474170599315e+03
3.920659584416287089e+02
4.454412022774793208e+07
3.120095001192165207e-01
1.997512940488128441e+00
1.250178824778772846e+00
9.058488317626625985e+02
4.383925660467972989e+02
3.123489503365964265e+04
7.883610856989216042e-01
3.011261310772946342e-01
1.158798094564910119e+00
4.450714538158586642e+00
9.347234599508591479e-01
1.472772130728945417e-01
1.498858919733462390e+05
1.817789640050662856e+05
2.442163099544948200e+05
2.757655645198109906e-01
3.003258584857641522e-01
2.483546429338424621e-01
3.248425242787399636e+00
8.237286530562548670e-01
4.679047350476274005e+04
5.397350349448137852e-01
5.301080896440585333e-01
1.735492283774209136e+04
4.517407529833722947e+03
8.381090399941828681e-03
4.462248947766254276e-02
6.497723049034344897e-04
6.459675223763488433e-03
1.703718202586914088e-01
1.303505811171179474e-01
2.594016176244291500e-03
2.471459903510715705e-02
3.748979050021900017e-02
2.223895387081663982e-02
8.906234939402500606e-02
5.965899002470571866e-02
3.206036583406750989e-02
5.817512483914226776e-03
2.011296822076532043e-01
2.594016176244291500e-03
9.657806314586179705e-03
3.206036583406750989e-02
1.346766188504145562e-02
8.274133735569302872e-02
2.840270156469567112e-02
6.751882521843680096e-02
5.279008930247343356e-02
1.298699102578627831e-03
1.298699102578627831e-03
2.962530501673259209e-02
6.497723049034344897e-04
1.283479972470284898e-02
4.225845126749988578e-02
1.312485097935102429e-01
8.381090399941830416e-03
4.225845126749987885e-02
2.409695600487688286e-02
5.451872883061278235e-02
7.466885709405927940e-02
1.599065545411347544e-02
5.221218511197051049e-02
3.628917023611635817e-02
5.623975879369792763e-02
1.724707919528004063e-02
2.409695600487688286e-02
9.019871110878126610e-03
4.872700431715992764e-02
1.183697436929388030e-01
5.817512483914226776e-03
1.346766188504145735e-02
1.093114020031756874e-02
1.724707919528004410e-02
1.946780393025579481e-03
3.885951220996988406e-03
5.817512483914226776e-03
1.283479972470284898e-02
1.298699102578627831e-03
1.946780393025579047e-03
0.000000000000000000e+00
6.497723049034344897e-04
6.497723049034344897e-04
2.099605824530193995e-02
3.387778362117218472e-02
3.508516794310075071e-02
6.862813070188937548e-02
6.459675223763489300e-03
2.495396213142225816e-01
2.594016176244291934e-03
5.817512483914226776e-03
2.061672142735148094e-01
2.471459903510715359e-02
4.344216138703770047e-02
1.681549003062426939e-01
6.459675223763489300e-03
1.585900997867631113e-01
4.530650482530975028e-03
0.000000000000000000e+00
1.220109205713599924e-02
0.000000000000000000e+00
7.100992456384511327e-03
2.594016176244291500e-03
2.594016176244291500e-03
0.000000000000000000e+00
1.946780393025579047e-03
2.779013157783485899e-02
1.298699102578627831e-03
4.344216138703769353e-02
1.235083138725752844e-01
6.497723049034344897e-04
1.378751726948513612e-01
6.360962254866317500e-02
1.298699102578627831e-03
1.220109205713599924e-02
2.289768855233943468e-01
1.202501517685474752e-01
2.037334217170223144e-02
1.298699102578628048e-03
9.019871110878126610e-03
1.536117532268783774e-02
1.298699102578627831e-03
4.285072908088292248e-02
1.155237663626786093e-01
5.817512483914227643e-03
1.352473362294774328e-01
7.629857227649439189e-02
3.240406452234760419e-03
1.283479972470285072e-02
2.282159290179771871e-01
1.136095379979403519e-01
3.084452643985654413e-02
2.146911953950295104e-01
2.402327004993565773e-01
7.684011965618293971e-02
2.441135786769840776e-01
2.479285072908088139e-01
1.473084968403395346e-02
3.240406452234759552e-03
1.298699102578627831e-03
1.029489601106599837e-02
2.594016176244291500e-03
6.497723049034344897e-04
3.240406452234759552e-03
5.909123192094169197e-02
2.413551113448469121e-01
1.346766188504145735e-02
6.135719129262834359e-02
2.594016176244291500e-03
1.914976638635283723e-01
1.946780393025579047e-03
1.946780393025578830e-03
2.779013157783486246e-02
6.497723049034344897e-04
5.817512483914227643e-03
1.946780393025579698e-03
9.657806314586181440e-03
3.240406452234759552e-03
1.946780393025579047e-03
6.640613770607124711e-02
2.594016176244291500e-03
1.121649888984900950e-01
